direc : [[ 0.          0.          0.          0.          0.          0.
   1.        ]
 [ 0.          1.          0.          0.          0.          0.
   0.        ]
 [ 0.          0.          1.          0.          0.          0.
   0.        ]
 [ 0.          0.          0.          1.          0.          0.
   0.        ]
 [ 0.          0.          0.          0.          1.          0.
   0.        ]
 [ 0.          0.          0.          0.          0.          1.
   0.        ]
 [-0.02612146  0.02242673 -0.00322153  0.01914867 -0.09621694 -0.05075888
  -0.07526334]]
fun : 1342.7670314653344
message : Optimization terminated successfully.
nfev : 317
nit : 2
status : 0
success : True
x : [  2.16237321   3.92815371   1.50876489  91.08428546  92.42373495
  57.91291113 -15.22966537]
Best tracked score: 1135.1759707602052
Best tracked params: [  2.2372606    3.86385871   1.51800067  91.02938832  91.55107122
  57.46003312 -15.01389356]