score: 29664.13159268011
params: [3.637545143337172, 3.036686889433198, 2.872434330175012, 91.34301200425186, 87.6341588566347, 58.96549764281906]
score: 177873.18012931698
params: [3.0351571538265727, 1.6980118326970999, 2.6788111392424163, 92.736595471591, 101.80049194639534, 73.0254472017895]
score: 147259.38781677705
params: [3.4491449291914615, 3.039365791914235, 3.6432182052728845, 97.54393617447126, 100.1455434231145, 64.25303192667563]
score: 64232.73897228986
params: [3.202270345497828, 3.3368532279492698, 3.5545086915025426, 90.54856982593893, 89.37182587378088, 78.27827503770183]
score: 16150.928618239017
params: [2.306325811362494, 0.8662651851813965, 2.0175875939188423, 87.20108949854553, 96.78283087365065, 63.10682626859636]
score: 202479.18460580913
params: [2.5046389542872642, 2.8355310478228586, 3.885763358414877, 94.05130114542281, 99.87479047053503, 77.25853153858746]
score: 49065.581183857415
params: [2.4688361382809543, 0.8062136996598948, 2.9194412288905376, 93.05417865093796, 97.35688802349937, 89.77035785527147]
score: 35898.58263783192
params: [1.7849190516105415, 2.994182682522797, 2.32407355514877, 97.45092583827599, 100.78196930399265, 87.8076560757201]
score: 24801.491459184857
params: [2.3637415374840467, 2.295220660424696, 2.5024021740211713, 95.98992000443167, 93.68282317883141, 73.28907932027808]
score: 17099.063075273174
params: [1.8633015128761647, 2.6377132205330533, 1.626443362409128, 100.99946498803466, 99.27166384735513, 74.5197134313292]
score: 5755.4661392681855
params: [2.302693483234884, 1.4685184825217912, 1.7571724220405645, 92.43868657842764, 92.4485503100621, 60.35599161405467]
score: 5179.419359562958
params: [1.7646583534520484, 1.299107719391695, 1.6329538478917422, 94.15328296648549, 93.27654063242774, 52.23205642195415]
score: 4930.771033756783
params: [1.6566989899960465, 2.1858413698701105, 1.6214725212703662, 96.91595033390317, 92.62537351653819, 55.767818857711106]
score: 3314.597825514504
params: [2.1311377388878485, 2.3022316494840602, 1.6059647382804774, 95.86852217238923, 92.94419713652486, 57.03750203489477]
score: 3314.5978255142154
params: [2.1311377388878485, 2.3022316494840602, 1.6059647382804774, 95.86852217238923, 92.94419713652486, 57.03750203489477]
score: 3270.822967245663
params: [2.090169943749474, 2.3022316494840602, 1.6059647382804774, 95.86852217238923, 92.94419713652486, 57.03750203489477]
score: 3101.4048365521926
params: [2.0932646608783694, 2.3022316494840602, 1.6059647382804774, 95.86852217238923, 92.94419713652486, 57.03750203489477]
score: 2995.668172351835
params: [2.0987507076602117, 2.3022316494840602, 1.6059647382804774, 95.86852217238923, 92.94419713652486, 57.03750203489477]
score: 2989.4656104859623
params: [2.09879628004983, 2.3022316494840602, 1.6059647382804774, 95.86852217238923, 92.94419713652486, 57.03750203489477]
score: 2684.960364743961
params: [2.09879628004983, 2.777708763999663, 1.6059647382804774, 95.86852217238923, 92.94419713652486, 57.03750203489477]
score: 2209.674117050227
params: [2.09879628004983, 3.2445824720006726, 1.6059647382804774, 95.86852217238923, 92.94419713652486, 57.03750203489477]
score: 2069.2000409876537
params: [2.09879628004983, 3.5331262919989905, 1.6059647382804774, 95.86852217238923, 92.94419713652486, 57.03750203489477]
score: 2013.0452628157855
params: [2.09879628004983, 3.7350319963621246, 1.6059647382804774, 95.86852217238923, 92.94419713652486, 57.03750203489477]
score: 2002.9378564135634
params: [2.09879628004983, 3.7350319963621246, 1.5302000149360027, 95.86852217238923, 92.94419713652486, 57.03750203489477]
score: 1960.1499685831752
params: [2.09879628004983, 3.7350319963621246, 1.527485229573778, 95.86852217238923, 92.94419713652486, 57.03750203489477]
score: 1956.1646478163057
params: [2.09879628004983, 3.7350319963621246, 1.527485229573778, 95.06664580565256, 92.94419713652486, 57.03750203489477]
score: 1952.5833525826758
params: [2.09879628004983, 3.7350319963621246, 1.527485229573778, 95.06661246042547, 92.94419713652486, 57.03750203489477]
score: 1940.2070578742016
params: [2.09879628004983, 3.7350319963621246, 1.527485229573778, 95.06661246042547, 92.55728090000841, 57.03750203489477]
score: 1870.8461540241005
params: [2.09879628004983, 3.7350319963621246, 1.527485229573778, 95.06661246042547, 92.34441853748633, 57.03750203489477]
score: 1864.5393970313278
params: [2.09879628004983, 3.7350319963621246, 1.527485229573778, 95.06661246042547, 92.28982698372855, 57.03750203489477]
score: 1856.6472102050136
params: [2.09879628004983, 3.7350319963621246, 1.527485229573778, 95.06661246042547, 92.29342994414075, 57.03750203489477]
score: 1848.0014128870055
params: [2.09879628004983, 3.7350319963621246, 1.527485229573778, 95.06661246042547, 92.29565669613562, 57.03750203489477]
score: 1767.1527336331885
params: [2.09879628004983, 3.7350319963621246, 1.527485229573778, 95.06661246042547, 92.29533181739792, 57.03750203489477]
score: 1674.0425025187096
params: [2.0928153687513937, 4.0, 1.5129720011300491, 94.91831516559313, 92.1753370472867, 59.479404372921415]
score: 1674.042502518494
params: [2.0928153687513937, 4.0, 1.5129720011300491, 94.91831516559313, 92.1753370472867, 59.479404372921415]
score: 1674.042502519249
params: [2.0928153687513937, 4.0, 1.5129720011300491, 94.91831516559313, 92.1753370472867, 59.479404372921415]
score: 919742.5248229179
params: [2.0928153687513937, 4.0, 1.5129720011300491, 94.91831516559313, 92.1753370472867, 59.479404372921415]
