score: 910157.4383699835
params: [3.39, 2.78, 1.72, 96.96, 87.48, 59.45]
score: 877502.470750165
params: [2.4549150281252627, 2.78, 1.72, 96.96, 87.48, 59.45]
score: 558036.8180205335
params: [3.7223118440317147, 3.740506236727215, 2.956305487090648, 95.79015134543552, 92.42008518795406, 78.74400082316272]
score: 423696.50943573215
params: [3.8738524815738327, 2.180825345951549, 3.8393625781104714, 96.4250972396146, 97.3001385448203, 74.6467934252604]
score: 415587.1310730617
params: [3.9953006742019874, 1.8886135090437217, 3.8113481752922556, 98.79977057063148, 99.15634991475349, 66.61337497520708]
score: 371826.51210913033
params: [3.9288541659078122, 2.5807751804366847, 3.1518032589177163, 100.74728322450186, 98.22055593264325, 83.5703697254706]
score: 364733.86848984467
params: [3.910050880161788, 2.1198391556691294, 3.6544648857849475, 99.51190579021105, 98.18395845214759, 76.65739529738397]
score: 324294.9592225912
params: [3.7770965251931994, 1.9244961733281885, 3.6698174183573773, 99.54423032175097, 99.87167081545637, 89.59448756520987]
score: 324294.9592225847
params: [3.7770965251931994, 1.9244961733281885, 3.6698174183573773, 99.54423032175097, 99.87167081545637, 89.59448756520987]
score: 318570.48518759874
params: [3.8606797749978967, 1.9244961733281885, 3.6698174183573773, 99.54423032175097, 99.87167081545637, 89.59448756520987]
score: 315442.88897744514
params: [3.9138953656284174, 1.9244961733281885, 3.6698174183573773, 99.54423032175097, 99.87167081545637, 89.59448756520987]
score: 306794.4615707823
params: [3.9437325306326723, 1.9244961733281885, 3.6698174183573773, 99.54423032175097, 99.87167081545637, 89.59448756520987]
score: 306519.2707132903
params: [3.965224791470048, 1.9244961733281885, 3.6698174183573773, 99.54423032175097, 99.87167081545637, 89.59448756520987]
score: 301150.25117969094
params: [3.955664785176623, 1.9244961733281885, 3.6698174183573773, 99.54423032175097, 99.87167081545637, 89.59448756520987]
score: 296624.34581873834
params: [3.955664785176623, 2.777708763999663, 3.640300502212974, 99.54423032175097, 99.87167081545637, 89.59448756520987]
score: 295352.5127482399
params: [3.955664785176623, 2.777708763999663, 3.6434188462180104, 99.54423032175097, 99.87167081545637, 89.59448756520987]
score: 293795.9896368068
params: [3.955664785176623, 2.777708763999663, 3.6421005359130776, 99.54423032175097, 99.87167081545637, 89.59448756520987]
score: 285784.1522950881
params: [3.955664785176623, 2.777708763999663, 3.6421005359130776, 99.63932022500211, 100.93214272127152, 89.59448756520987]
score: 285337.2635908111
params: [3.955664785176623, 2.777708763999663, 3.6421005359130776, 99.63932022500211, 100.94114835729886, 89.59448756520987]
score: 285039.4965010861
params: [3.955664785176623, 2.777708763999663, 3.6421005359130776, 99.63932022500211, 100.94196039499286, 89.59448756520987]score: 285039.49650107435
params: [3.955664785176623, 2.777708763999663, 3.6421005359130776, 99.63932022500211, 100.94196039499286, 89.59448756520987]
score: 283856.2093154641
params: [3.8606797749978967, 2.8200182822645488, 3.9161269665916216, 99.63932022500211, 100.94196039499286, 89.59448756520987]
score: 283856.2093154621
params: [3.8606797749978967, 2.8200182822645488, 3.9161269665916216, 99.63932022500211, 100.94196039499286, 89.59448756520987]
score: 280637.84961378254
params: [3.8606797749978967, 2.8200182822645488, 3.9161269665916216, 100.06527250187965, 100.94196039499286, 89.59448756520987]
score: 276511.0810104559
params: [3.8606797749978967, 2.8200182822645488, 3.9161269665916216, 100.0539227794665, 100.94196039499286, 89.59448756520987]
score: 675349.9666449064
params: [3.8606797749978967, 2.8200182822645488, 3.9161269665916216, 100.0539227794665, 100.94196039499286, 89.59448756520987]
score: 674451.6448077738
params: [3.8606797749978967, 3.2445824720006726, 3.9161269665916216, 100.0539227794665, 100.94196039499286, 89.59448756520987]
score: 674327.125336946
params: [3.8606797749978967, 3.2606624679707257, 3.9161269665916216, 100.0539227794665, 100.94196039499286, 89.59448756520987]
score: 673713.2813349313
params: [3.8606797749978967, 3.2597545599092266, 3.9161269665916216, 100.0539227794665, 100.94196039499286, 89.59448756520987]
