score: 459.7471899322985
params: [3.365, 2.78, 1.578, 96.5, 89.15, 59.4, 47.96]
score: 459.7471899321063
params: [3.365, 2.78, 1.578, 96.5, 89.15, 59.4, 47.96]
score: 459.7471899324396
params: [3.365, 2.78, 1.578, 96.5, 89.15, 59.4, 47.96]
score: 446.0266404588888
params: [3.4626076227670257, 2.78, 1.578, 96.5, 89.15, 59.4, 47.96]
score: 433.7513165790875
params: [3.4721293539115132, 2.78, 1.578, 96.5, 89.15, 59.4, 47.96]
score: 432.3787315833011
params: [3.4759288412051776, 2.78, 1.578, 96.5, 89.15, 59.4, 47.96]
score: 430.3006000002289
params: [3.4758479644210074, 2.78, 1.578, 96.5, 89.15, 59.4, 47.96]
score: 416.7588732905339
params: [3.4758479644210074, 3.2445824720006726, 1.578, 96.5, 89.15, 59.4, 47.96]
score: 383.353622303021
params: [3.4758479644210074, 3.070102136605077, 1.578, 96.5, 89.15, 59.4, 47.96]
score: 383.1271088441361
params: [3.4758479644210074, 3.070102136605077, 1.5491273937890466, 96.5, 89.15, 59.4, 47.96]
score: 358.2809492563246
params: [3.4758479644210074, 3.070102136605077, 1.5303623991403312, 96.5, 89.15, 59.4, 47.96]
score: 358.2809492558141
params: [3.4758479644210074, 3.070102136605077, 1.5303623991403312, 96.5, 89.15, 59.4, 47.96]
score: 351.5078119140496
params: [3.3899602148780774, 2.9366467855035703, 1.6529635390264907, 98.35811734108255, 87.48026657375536, 59.4, 47.96]
score: 350.0561538897171
params: [3.3899602148780774, 2.9366467855035703, 1.6529635390264907, 98.35811734108255, 87.48026657375536, 59.45478023209115, 47.96]
score: 329.6470335932415
params: [3.3899602148780774, 2.9366467855035703, 1.6529635390264907, 98.35811734108255, 87.48026657375536, 59.45478023209115, 48.37565150325091]
score: 295.02174954394917
params: [3.3899602148780774, 2.9366467855035703, 1.6529635390264907, 98.35811734108255, 87.48026657375536, 59.45478023209115, 48.996097419434264]
score: 281.8438171579845
params: [3.3899602148780774, 2.9366467855035703, 1.6529635390264907, 98.35811734108255, 87.48026657375536, 59.45478023209115, 49.13432956444822]
score: 275.68458417348927
params: [3.3899602148780774, 2.9366467855035703, 1.6529635390264907, 98.35811734108255, 87.48026657375536, 59.45478023209115, 49.464986247773076]
score: 268.10381475805616
params: [3.3899602148780774, 2.9366467855035703, 1.6529635390264907, 98.35811734108255, 87.48026657375536, 59.45478023209115, 49.46495289211719]
score: 268.1038147583147
params: [3.3899602148780774, 2.9366467855035703, 1.6529635390264907, 98.35811734108255, 87.48026657375536, 59.45478023209115, 49.46495289211719]
score: 268.10381475817115
params: [3.3899602148780774, 2.9366467855035703, 1.6529635390264907, 98.35811734108255, 87.48026657375536, 59.45478023209115, 49.46495289211719]
score: 267.3787219021005
params: [3.3682446178340606, 2.8186553067494406, 1.6529635390264907, 98.35811734108255, 87.48026657375536, 59.45478023209115, 49.46495289211719]
score: 266.35475763705153
params: [3.3682446178340606, 2.8200944445193294, 1.6529635390264907, 98.35811734108255, 87.48026657375536, 59.45478023209115, 49.46495289211719]
score: 266.3547576366072
params: [3.3682446178340606, 2.8200944445193294, 1.6529635390264907, 98.35811734108255, 87.48026657375536, 59.45478023209115, 49.46495289211719]
score: 254.645563904717
params: [3.3862290401270627, 2.776812656537031, 1.7249630651566616, 96.85758353184283, 87.48026657375536, 59.45478023209115, 49.46495289211719]
score: 252.1747451543612
params: [3.3862290401270627, 2.776812656537031, 1.7249630651566616, 96.96474942533044, 87.48026657375536, 59.45478023209115, 49.46495289211719]
