score: 983175.4642094818
params: [1.546383739226094, 3.1038161085228753, 2.3732409699941455, 92.3808202475804, 93.12112608301314, 67.8749719104644]
score: 858503.3887901417
params: [2.6045949829257027, 2.6635706906645815, 2.6743574645658366, 98.70250052919721, 95.45763823824988, 88.94825902372098]
score: 815723.523538206
params: [2.6347782608559447, 0.8928587582873451, 3.785299790106627, 93.88710679233826, 95.9917802808013, 79.92547799756132]
score: 789726.9905728874
params: [3.842131898784849, 1.7588246890586912, 2.737290191734796, 98.59371908228863, 101.39819392982602, 81.48396522583266]
score: 778067.3561652007
params: [3.238919992488012, 1.289468388797534, 3.4268644288211454, 100.48989883003668, 92.32642064485796, 87.98289174424261]
score: 722609.6168229991
params: [3.67158541113958, 3.0623568002728625, 3.870991488450932, 97.28319275997818, 96.19548529848666, 80.57968231257458]
score: 718401.0957443572
params: [3.67158541113958, 3.9934207659778975, 3.846372506731927, 94.37402191049613, 98.61262516807334, 80.57968231257458]
score: 706345.0639111443
params: [3.943712995449679, 3.980916663288826, 3.605608064410214, 93.68747120474922, 99.16234924388516, 89.90709477916852]
score: 704024.9804756898
params: [3.84502898123262, 1.7034270073540712, 3.957722611073944, 94.91603846079506, 96.71747933520176, 88.64765619777106]
score: 702581.2637917477
params: [3.86452833366576, 1.7034270073540712, 3.957722611073944, 94.91603846079506, 96.71747933520176, 88.64765619777106]
score: 702458.1716023285
params: [3.863840144491642, 1.7034270073540712, 3.957722611073944, 94.91603846079506, 96.71747933520176, 88.64765619777106]
score: 701498.3949127436
params: [3.863840144491642, 2.777708763999663, 3.957722611073944, 94.91603846079506, 96.71747933520176, 88.64765619777106]
score: 699837.4934493944
params: [3.863840144491642, 2.8458247200067293, 3.957722611073944, 94.91603846079506, 96.71747933520176, 88.64765619777106]
score: 698287.8192441064
params: [3.863840144491642, 2.8561244624125184, 3.957722611073944, 94.91603846079506, 96.71747933520176, 88.64765619777106]
score: 696571.0279427189
params: [3.863840144491642, 2.8546217502473787, 3.957722611073944, 94.91603846079506, 96.71747933520176, 88.64765619777106]
score: 693624.6680625222
params: [3.863840144491642, 2.8546217502473787, 3.898572724806069, 98.18033988749895, 96.71747933520176, 88.64765619777106]
score: 688905.7993297193
params: [3.863840144491642, 2.8546217502473787, 3.898572724806069, 99.63932022500211, 96.71747933520176, 88.64765619777106]
score: 686681.7159546027
params: [3.863840144491642, 2.8546217502473787, 3.898572724806069, 99.70251699321534, 96.71747933520176, 88.64765619777106]
score: 685977.1086672148
params: [3.863840144491642, 2.8546217502473787, 3.898572724806069, 99.67837797573702, 96.71747933520176, 88.64765619777106]
score: 680952.7241529382
params: [3.863840144491642, 2.8546217502473787, 3.898572724806069, 99.67837797573702, 99.63932022500211, 88.64765619777106]
score: 678717.4440411915
params: [3.863840144491642, 2.8546217502473787, 3.898572724806069, 99.67837797573702, 100.54101966249685, 88.64765619777106]
score: 678482.4998707237
params: [3.863840144491642, 2.8546217502473787, 3.898572724806069, 99.67837797573702, 100.53730422687765, 88.64765619777106]
score: 675750.3842121384
params: [3.863840144491642, 2.8546217502473787, 3.898572724806069, 99.67837797573702, 100.53696920625687, 88.64765619777106]
score: 675750.3842121279
params: [3.863840144491642, 2.8546217502473787, 3.898572724806069, 99.67837797573702, 100.53696920625687, 88.64765619777106]
