score: 155472.04962703734
params: [2.160726665009827, 3.657679189359395, 3.759335746337565, 99.51032241345172, 91.09933461328426, 85.39406231704457, -16.73940247752083]
score: 97042.80962296424
params: [2.0335284343224886, 2.779136193741179, 2.740437351866153, 98.52975064251622, 101.87411075231243, 72.47408637048565, 9.776373235835683]
score: 53152.83981663675
params: [1.8143032496076537, 4.0557804579885675, 1.607959812738988, 95.48985439527162, 97.89927956155984, 45.12625132487028, -14.876458590424457]
score: 46722.71651390279
params: [2.0394777739826884, 3.5315515077974906, 3.053105373162608, 95.84815910040794, 91.35283126236719, 96.69308838803413, -20.92765440242544]
score: 26273.368609210225
params: [1.7641324865272896, 3.6163644734135394, 2.434797132966574, 101.85526760052265, 91.57280872511788, 77.24147159452946, -12.033287650703334]
score: 24857.649880149176
params: [3.5271922327738436, 3.920667690190853, 2.770503789752096, 91.02097859383382, 91.19412988065648, 55.77037354698067, 15.527265960219655]
score: 23498.804132670542
params: [2.861542713415687, 4.534442964727218, 1.706969602565016, 96.01433520078615, 95.12615159168891, 74.75907481694355, 19.42059639020599]
score: 22276.27713292482
params: [1.6596802237972055, 4.924472949095502, 1.6485844098268396, 99.35804298872448, 99.41900635747113, 89.07691828807704, -7.23265763894923]
score: 19776.178746547033
params: [2.6177034151622727, 4.356724230842015, 1.592829618913609, 99.21059296024376, 101.55124767863731, 48.19461783281116, 13.172322385725066]
score: 13729.213452559474
params: [2.5677229385021283, 3.289461809129376, 1.5198945026586994, 93.83144049190585, 95.0544442477984, 49.26502240817297, -23.036740593747435]
score: 9825.445799258918
params: [1.9982297952494703, 2.1979676727246513, 1.5198945026586994, 99.74195939087313, 95.731479652139, 49.26502240817297, 18.4166120790491]
score: 6678.838743988883
params: [1.991612972457378, 1.7405326919434085, 1.7559041580837644, 92.440912197729, 91.30863553978767, 88.42999320448388, 0.02416277192932581]
score: 2211.263372719009
params: [2.4088657773000905, 1.1783585160960042, 1.6216864138613187, 93.6689549524204, 96.22338644241928, 47.80117667313286, -4.40233615491373]
score: 2211.2633727181587
params: [2.4088657773000905, 1.1783585160960042, 1.6216864138613187, 93.6689549524204, 96.22338644241928, 47.80117667313286, -4.40233615491373]
score: 2002.8201634659188
params: [2.3150690933048104, 1.1783585160960042, 1.6216864138613187, 93.6689549524204, 96.22338644241928, 47.80117667313286, -4.40233615491373]
score: 1949.50539211918
params: [2.302535893257278, 1.1783585160960042, 1.6216864138613187, 93.6689549524204, 96.22338644241928, 47.80117667313286, -4.40233615491373]
score: 1884.8977304792063
params: [2.302535893257278, 1.034057978003533, 1.6216864138613187, 93.6689549524204, 96.22338644241928, 47.80117667313286, -4.40233615491373]
score: 1572.7165047693939
params: [2.302535893257278, 0.9777269751657724, 1.6216864138613187, 93.6689549524204, 96.22338644241928, 47.80117667313286, -4.40233615491373]
score: 1560.3465061711477
params: [2.302535893257278, 0.9520958563408153, 1.6216864138613187, 93.6689549524204, 96.22338644241928, 47.80117667313286, -4.40233615491373]
score: 1530.91029008166
params: [2.302535893257278, 0.9531986578308879, 1.6216864138613187, 93.6689549524204, 96.22338644241928, 47.80117667313286, -4.40233615491373]
score: 1528.3168131144269
params: [2.302535893257278, 0.9530377612618693, 1.6216864138613187, 93.6689549524204, 96.22338644241928, 47.80117667313286, -4.40233615491373]
