score: 18480.267811866717
params: [2.2263056727673556, 2.16373809277485, 2.219476991601878, 95.80022529339105, 92.25228378495473, 89.50252731008291]
score: 7485.853954929502
params: [2.4350666646664947, 2.999995746251456, 1.9959367502243968, 101.2866435965882, 99.73320597784551, 51.38475049785478]
score: 6847.944860534836
params: [2.557018500396147, 3.717307144064352, 2.194442647980656, 98.59558560312921, 97.88063631549122, 52.868672264140564]
score: 4320.422315164836
params: [2.248856694654277, 2.951998253376826, 1.6814358877700761, 98.65079851207773, 94.87751437861563, 52.73648822350898]
score: 3624.2534305959844
params: [1.9557739381238965, 2.423540654279478, 1.5640482595097622, 100.376093637925, 96.95397846079328, 52.74447092376546]
score: 3624.2534305958693
params: [1.9557739381238965, 2.423540654279478, 1.5640482595097622, 100.376093637925, 96.95397846079328, 52.74447092376546]
score: 3616.938187406145
params: [2.034933709268803, 2.423540654279478, 1.5640482595097622, 100.376093637925, 96.95397846079328, 52.74447092376546]
score: 3597.2855861933667
params: [2.0299854012798075, 2.423540654279478, 1.5640482595097622, 100.376093637925, 96.95397846079328, 52.74447092376546]
score: 3586.5966131716787
params: [2.0269271787558063, 2.423540654279478, 1.5640482595097622, 100.376093637925, 96.95397846079328, 52.74447092376546]
score: 3488.324664100425
params: [2.0250370932908126, 2.423540654279478, 1.5640482595097622, 100.376093637925, 96.95397846079328, 52.74447092376546]
score: 3480.4281879903006
params: [2.0250370932908126, 2.827708832006258, 1.5613117046708194, 100.376093637925, 96.95397846079328, 52.74447092376546]
score: 3402.4762623886045
params: [2.0250370932908126, 2.827708832006258, 1.537892717394762, 100.376093637925, 96.95397846079328, 52.74447092376546]
score: 3400.6670057888728
params: [2.0250370932908126, 2.827708832006258, 1.5234189872760573, 100.376093637925, 96.95397846079328, 52.74447092376546]
score: 3380.6857581789764
params: [2.0250370932908126, 2.827708832006258, 1.5221138918454087, 100.376093637925, 96.95397846079328, 52.74447092376546]
score: 3373.1199599021534
params: [2.0250370932908126, 2.827708832006258, 1.5222069252025439, 100.376093637925, 96.95397846079328, 52.74447092376546]
score: 3362.72531817532
params: [2.0250370932908126, 2.827708832006258, 1.5222069252025439, 99.20832037602048, 96.95397846079328, 52.74447092376546]
score: 3361.044935525514
params: [2.0250370932908126, 2.827708832006258, 1.5222069252025439, 99.20857601092884, 96.95397846079328, 52.74447092376546]
score: 3190.9400727872885
params: [2.0250370932908126, 2.827708832006258, 1.5222069252025439, 99.20857601092884, 95.81966011250105, 52.74447092376546]
score: 3089.1413393846874
params: [2.0250370932908126, 2.827708832006258, 1.5222069252025439, 99.20857601092884, 94.36067977499789, 52.74447092376546]
score: 3006.445396841826
params: [2.0250370932908126, 2.827708832006258, 1.5222069252025439, 99.20857601092884, 94.5321357656284, 52.74447092376546]
score: 2770.103191158608
params: [2.0250370932908126, 2.827708832006258, 1.5222069252025439, 99.20857601092884, 94.5321357656284, 55.04718580777861]
score: 2740.0655146281265
params: [2.0250370932908126, 2.827708832006258, 1.5222069252025439, 99.20857601092884, 94.5321357656284, 54.4769098792738]
score: 2675.099115947221
params: [2.0250370932908126, 2.827708832006258, 1.5222069252025439, 99.20857601092884, 94.5321357656284, 54.54627317335596]
score: 2639.11472936556
params: [2.0250370932908126, 2.827708832006258, 1.5222069252025439, 99.20857601092884, 94.5321357656284, 54.57580872407142]
score: 2639.1147293650447
params: [2.0250370932908126, 2.827708832006258, 1.5222069252025439, 99.20857601092884, 94.5321357656284, 54.57580872407142]
score: 2574.5180450769544
params: [1.9677981270868754, 2.827708832006258, 1.5222069252025439, 99.20857601092884, 94.5321357656284, 54.57580872407142]
score: 2538.1154546265398
params: [1.968910908570668, 2.827708832006258, 1.5222069252025439, 99.20857601092884, 94.5321357656284, 54.57580872407142]
score: 2524.9553381129354
params: [1.968910908570668, 3.1375241950569333, 1.5222069252025439, 99.20857601092884, 94.5321357656284, 54.57580872407142]
score: 2471.7539352115696
params: [1.968910908570668, 3.1243965964568217, 1.5222069252025439, 99.20857601092884, 94.5321357656284, 54.57580872407142]
score: 2462.041120270945
params: [1.968910908570668, 3.1244373657897846, 1.5222069252025439, 99.20857601092884, 94.5321357656284, 54.57580872407142]
score: 2397.623895654085
params: [1.968910908570668, 3.1244373657897846, 1.5227611544739001, 95.13019202639232, 92.55728090000841, 54.57580872407142]
score: 2386.2837308733074
params: [1.968910908570668, 3.1244373657897846, 1.5227611544739001, 95.13019202639232, 92.34441853748633, 54.57580872407142]
score: 2335.1323039698036
params: [1.968910908570668, 3.1244373657897846, 1.5227611544739001, 95.13019202639232, 92.39242809883686, 54.57580872407142]
score: 2143.3783829097665
params: [1.968910908570668, 3.1244373657897846, 1.5227611544739001, 95.13019202639232, 92.41083233589512, 54.57580872407142]
score: 1894.5602604866033
params: [1.9656292499019705, 3.9790982748087487, 1.5227611544739001, 95.13019202639232, 92.41083233589512, 59.59285833578842]
score: 1894.1243104729272
params: [1.9656292499019705, 3.9790982748087487, 1.5496800201845873, 94.58834174801493, 92.2957762901792, 59.040521694219954]
score: 1857.534458878031
params: [2.090169943749474, 3.8526378153921943, 1.5456969526442061, 94.66851697823255, 92.31280063310439, 59.12224854601375]
score: 1780.1476351047245
params: [2.1621490942065775, 3.8526378153921943, 1.5456969526442061, 94.66851697823255, 92.31280063310439, 59.12224854601375]
