score: 23386.84241450401
params: [2.4571409818565533, 3.358480266070713, 1.7297390919176843, 91.16102221052651, 101.39988812837842, 75.04968818567471, -19.267945244184954]
score: 9967.947126418092
params: [1.7336374730441173, 1.2787121473250445, 1.8588150949410864, 91.04778262321013, 93.37290942630668, 60.90041633894177, -10.265874638275504]
score: 9274.194029973933
params: [2.195361925499164, 2.347666237436952, 1.998612237889041, 92.73090022031234, 93.35403165010881, 47.17682206424925, 24.07009201297068]
score: 7998.267362096207
params: [2.8719498877179728, 4.598851259188127, 1.8912641415686888, 91.2268436533052, 93.01677565686465, 62.86155445152181, -15.172140549188185]
score: 4739.6539730552495
params: [1.5534942259457711, 3.8710579006587476, 1.5745756490363239, 95.81730198883032, 92.48392822300633, 55.125303943054405, -4.104604557725683]
score: 3709.9724638592297
params: [1.7146832614384873, 4.33788076758123, 1.542599685921165, 100.04537110804638, 94.59825647217231, 58.811386539376784, -24.030876943957143]
score: 3453.893144356811
params: [1.6348644041377536, 3.969234754328153, 1.5307857733951469, 101.53613028407094, 93.95297425345818, 52.07527769465243, -11.666933544753372]
score: 3271.0630338269207
params: [2.268572546227522, 3.2133930922167147, 1.863612844143653, 93.08909601401545, 94.02664723503639, 46.94569578992625, 5.2623264290199145]
score: 2430.0496012582203
params: [2.490974426542502, 3.826997860925476, 1.632749938632609, 91.56040919417407, 92.48561188601055, 57.95304645942416, -14.510712352300178]
score: 2349.114370537025
params: [2.4549150281252627, 3.826997860925476, 1.632749938632609, 91.56040919417407, 92.48561188601055, 57.95304645942416, -14.510712352300178]
score: 2184.272079294879
params: [2.090169943749474, 3.826997860925476, 1.632749938632609, 91.56040919417407, 92.48561188601055, 57.95304645942416, -14.510712352300178]
score: 1578.186399653645
params: [2.263088933186954, 3.826997860925476, 1.632749938632609, 91.56040919417407, 92.48561188601055, 57.95304645942416, -14.510712352300178]
score: 1576.645510873482
params: [2.263382060702846, 3.826997860925476, 1.632749938632609, 91.56040919417407, 92.48561188601055, 57.95304645942416, -14.510712352300178]
score: 1572.4377822992983
params: [2.263382060702846, 4.008514494500883, 1.632749938632609, 91.56040919417407, 92.48561188601055, 57.95304645942416, -14.510712352300178]
score: 1556.099661400575
params: [2.263382060702846, 4.029729656816206, 1.632749938632609, 91.56040919417407, 92.48561188601055, 57.95304645942416, -14.510712352300178]
score: 1521.3827696265926
params: [2.263382060702846, 4.022044769331026, 1.632749938632609, 91.56040919417407, 92.48561188601055, 57.95304645942416, -14.510712352300178]
score: 1518.4781307149576
params: [2.263382060702846, 4.022398601871062, 1.632749938632609, 91.56040919417407, 92.48561188601055, 57.95304645942416, -14.510712352300178]
score: 1461.7784907169223
params: [2.263382060702846, 4.022398601871062, 1.5795775795728766, 91.56040919417407, 92.48561188601055, 57.95304645942416, -14.510712352300178]
score: 1444.9788630666908
params: [2.263382060702846, 4.022398601871062, 1.6005681939291911, 91.56040919417407, 92.48561188601055, 57.95304645942416, -14.510712352300178]
score: 1439.1536447364124
params: [2.263382060702846, 4.022398601871062, 1.6046812104411994, 91.56040919417407, 92.48561188601055, 57.95304645942416, -14.510712352300178]
score: 1430.5659594428005
params: [2.263382060702846, 4.022398601871062, 1.6046812104411994, 91.72724864880826, 92.48561188601055, 57.95304645942416, -14.510712352300178]
score: 1356.9339355979082
params: [2.263382060702846, 4.022398601871062, 1.6046812104411994, 91.72724864880826, 91.99186938124421, 57.95304645942416, -14.510712352300178]
score: 1295.2486614438776
params: [2.263382060702846, 4.022398601871062, 1.6046812104411994, 91.72724864880826, 91.65252601011345, 57.95304645942416, -14.510712352300178]
score: 1246.7977721589498
params: [2.263382060702846, 4.022398601871062, 1.6046812104411994, 91.72724864880826, 91.64728816255385, 57.95304645942416, -14.510712352300178]
score: 1220.436731611316
params: [2.263382060702846, 4.022398601871062, 1.6046812104411994, 91.72724864880826, 91.64728816255385, 57.510791996871795, -14.510712352300178]
score: 1210.480946978173
params: [2.263382060702846, 4.022398601871062, 1.6046812104411994, 91.72724864880826, 91.64728816255385, 57.510791996871795, -15.166470512966775]
score: 1197.3978508593534
params: [2.2372605995844634, 4.044825333269905, 1.6014596779904542, 91.7463973153778, 91.55107122458186, 57.46003312055636, -15.013893562707258]
score: 1178.8358404433263
params: [2.2372605995844634, 3.919112302241609, 1.6014596779904542, 91.7463973153778, 91.55107122458186, 57.46003312055636, -15.013893562707258]
score: 1159.7886533384642
params: [2.2372605995844634, 3.8638587087566245, 1.6014596779904542, 91.7463973153778, 91.55107122458186, 57.46003312055636, -15.013893562707258]
score: 1158.9029187204726
params: [2.2372605995844634, 3.8638587087566245, 1.5180006706426346, 91.7463973153778, 91.55107122458186, 57.46003312055636, -15.013893562707258]
score: 1135.1759707602052
params: [2.2372605995844634, 3.8638587087566245, 1.5180006706426346, 91.02938831670903, 91.55107122458186, 57.46003312055636, -15.013893562707258]
score: 1135.175970759471
params: [2.2372605995844634, 3.8638587087566245, 1.5180006706426346, 91.02938831670903, 91.55107122458186, 57.46003312055636, -15.013893562707258]
score: 1099.3891564866055
params: [2.23967076409779, 3.8638587087566245, 1.5180006706426346, 91.02938831670903, 91.55107122458186, 57.46003312055636, -15.013893562707258]
